[gd_scene load_steps=15 format=3 uid="uid://d3sxl45gaa1yu"]

[ext_resource type="Script" path="res://scripts/stage/stage_3d.gd" id="1_kuafa"]
[ext_resource type="PackedScene" uid="uid://c4ix1c7yuyl4f" path="res://scenes/player/fps_controller.tscn" id="2_alqbi"]
[ext_resource type="Material" uid="uid://brfh3gbut8wdo" path="res://textures/prototype/_mat_black.tres" id="3_8epcj"]
[ext_resource type="Texture2D" uid="uid://blqr8qkxjw1w5" path="res://scenes/maps/Parte 1.png" id="3_vlcb0"]
[ext_resource type="Material" uid="uid://dqoa3v5djgqkv" path="res://textures/prototype/_mat_red.tres" id="4_pmx52"]
[ext_resource type="PackedScene" uid="uid://c4e6sjaksta2h" path="res://scenes/objects/interactables/grapple/grapple_spot.tscn" id="5_2aie7"]
[ext_resource type="Script" path="res://scenes/objects/stage/reset_stage_area.gd" id="7_byyui"]
[ext_resource type="PackedScene" uid="uid://bitq6h8ytmopn" path="res://scenes/enemies/test/test_enemy_1.tscn" id="9_wuf3k"]
[ext_resource type="Script" path="res://scripts/combo_system/score_area_3d.gd" id="11_ykryr"]

[sub_resource type="ProceduralSkyMaterial" id="ProceduralSkyMaterial_40e1a"]
sky_horizon_color = Color(0.64625, 0.65575, 0.67075, 1)
ground_horizon_color = Color(0.64625, 0.65575, 0.67075, 1)

[sub_resource type="Sky" id="Sky_6aq6q"]
sky_material = SubResource("ProceduralSkyMaterial_40e1a")

[sub_resource type="Environment" id="Environment_mvkqy"]
background_mode = 2
sky = SubResource("Sky_6aq6q")
tonemap_mode = 2
tonemap_white = 16.0

[sub_resource type="BoxShape3D" id="BoxShape3D_5hiaw"]
size = Vector3(879.646, 1, 749.58)

[sub_resource type="BoxShape3D" id="BoxShape3D_rn3cs"]
size = Vector3(791.741, 41, 240.798)

[node name="Draft level" type="Node3D"]
script = ExtResource("1_kuafa")

[node name="WorldEnvironment" type="WorldEnvironment" parent="."]
environment = SubResource("Environment_mvkqy")

[node name="DirectionalLight3D" type="DirectionalLight3D" parent="."]
transform = Transform3D(-0.866025, -0.433013, 0.250001, -0.0476188, 0.569156, 0.82085, -0.497728, 0.698972, -0.513523, 109.097, 0.48705, 62.9295)
shadow_enabled = true

[node name="FpsController" parent="." instance=ExtResource("2_alqbi")]
transform = Transform3D(0.0104985, -0.0418333, 0.999069, 0, 0.999124, 0.0418356, -0.999945, -0.000439212, 0.0104893, 134.244, 0.756353, 81.0032)
wallrun_fall_friction = 20.0
wallrun_sidejump_velocity = 9.0

[node name="CGS" type="Node3D" parent="."]

[node name="section1" type="Node3D" parent="CGS"]

[node name="CSGBox3D" type="CSGBox3D" parent="CGS/section1"]
transform = Transform3D(1, 0, 0, 0, 1, 0.000663221, 0, -0.000663221, 1, 127.623, 0.0372196, 81.272)
material_override = ExtResource("3_8epcj")
use_collision = true
collision_layer = 3
size = Vector3(18, 1, 5)

[node name="CSGBox3D4" type="CSGBox3D" parent="CGS/section1"]
transform = Transform3D(0.866025, 0.00033161, -0.5, 1.50652e-11, 1, 0.000663221, 0.5, -0.000574366, 0.866025, 21.679, 0.0036478, 60.4026)
material_override = ExtResource("3_8epcj")
use_collision = true
collision_layer = 3
size = Vector3(22, 1, 21)

[node name="CSGBox3D20" type="CSGBox3D" parent="CGS/section1"]
transform = Transform3D(-0.866025, -0.00033161, 0.5, -8.55812e-18, 1, 0.000663221, -0.5, 0.000574366, -0.866026, -115.018, 0.0431094, -16.1027)
material_override = ExtResource("3_8epcj")
use_collision = true
collision_layer = 3
size = Vector3(68, 1, 13.6699)

[node name="CSGBox3D23" type="CSGBox3D" parent="CGS/section1"]
transform = Transform3D(-0.866021, -0.00033161, 0.499997, -4.67168e-18, 0.999995, 0.000663218, -0.499997, 0.000574366, -0.866021, -116.319, 7.04311, -16.8493)
material_override = ExtResource("3_8epcj")
use_collision = true
collision_layer = 3
size = Vector3(55, 13, 13.6699)

[node name="CSGBox3D" type="CSGBox3D" parent="CGS/section1/CSGBox3D23"]
transform = Transform3D(1, -9.76649e-16, 1.10134e-13, 1.37911e-15, 0.99998, -2.21189e-08, -1.88294e-13, 1.30967e-08, 1.00001, 7.62939e-06, -1.88524, -0.0112305)
operation = 2
size = Vector3(57.6953, 13, 12.5264)

[node name="CSGBox3D24" type="CSGBox3D" parent="CGS/section1"]
transform = Transform3D(-0.866021, -0.00033161, 0.499997, -4.67168e-18, 0.999995, 0.000663218, -0.499997, 0.000574366, -0.866021, -103.375, 6.04311, -9.37723)
material_override = ExtResource("3_8epcj")
use_collision = true
collision_layer = 3
size = Vector3(3, 11, 13.6699)

[node name="CSGBox3D" type="CSGBox3D" parent="CGS/section1/CSGBox3D24"]
transform = Transform3D(0.999995, 1.16415e-10, 0, -1.62981e-09, 0.999993, -2.15368e-08, -7.7486e-07, 1.72877e-08, 1.00003, -3.05176e-05, -2.88524, -0.0119247)
operation = 2
size = Vector3(10, 3, 3)

[node name="CSGBox3D25" type="CSGBox3D" parent="CGS/section1"]
transform = Transform3D(-0.866021, -0.00033161, 0.499997, -4.67168e-18, 0.999995, 0.000663218, -0.499997, 0.000574366, -0.866021, -117.5, 6.04311, -17.3772)
material_override = ExtResource("3_8epcj")
use_collision = true
collision_layer = 3
size = Vector3(3, 11, 13.6699)

[node name="CSGBox3D" type="CSGBox3D" parent="CGS/section1/CSGBox3D25"]
transform = Transform3D(0.999992, -3.7835e-10, 0, -2.61934e-09, 0.999994, -2.14786e-08, -1.01328e-06, 1.234e-08, 1.00003, -1.52588e-05, -2.88525, -0.0125961)
operation = 2
size = Vector3(10, 3, 3)

[node name="CSGBox3D26" type="CSGBox3D" parent="CGS/section1"]
transform = Transform3D(-0.866021, -0.00033161, 0.499997, -4.67168e-18, 0.999995, 0.000663218, -0.499997, 0.000574366, -0.866021, -135.988, 6.04289, -28.0872)
material_override = ExtResource("3_8epcj")
use_collision = true
collision_layer = 3
size = Vector3(3, 11, 13)

[node name="CSGBox3D" type="CSGBox3D" parent="CGS/section1/CSGBox3D26"]
transform = Transform3D(1, -1.20737e-15, 5.82645e-13, 1.58901e-15, 0.999993, -2.15368e-08, -9.73444e-13, 1.23982e-08, 1.00003, 7.62939e-06, -2.88524, -0.0119324)
operation = 2
size = Vector3(10, 3, 3)

[node name="CSGBox3D2" type="CSGBox3D" parent="CGS/section1"]
transform = Transform3D(1, 0, 0, 0, 1, 0, 0, 0, 1, 108.334, 6, 86.2222)
material_override = ExtResource("4_pmx52")
use_collision = true
collision_layer = 3
size = Vector3(11.7661, 11, 1)

[node name="CSGBox3D3" type="CSGBox3D" parent="CGS/section1"]
transform = Transform3D(1, 0, 0, 0, 1, 0, 0, 0, 1, 96.7554, 6, 77.1595)
material_override = ExtResource("4_pmx52")
use_collision = true
collision_layer = 3
size = Vector3(13.459, 11, 1)

[node name="CSGBox3D5" type="CSGBox3D" parent="CGS/section1"]
transform = Transform3D(1, 0, 0, 0, 1, 0, 0, 0, 1, 81.0788, 6, 86.375)
material_override = ExtResource("4_pmx52")
use_collision = true
collision_layer = 3
size = Vector3(13.459, 11, 1)

[node name="CSGBox3D15" type="CSGBox3D" parent="CGS/section1"]
transform = Transform3D(0.866025, 0, -0.5, 0, 1, 0, 0.5, 0, 0.866025, -4.91087, 5.5, 44.0151)
material_override = ExtResource("4_pmx52")
use_collision = true
collision_layer = 3
size = Vector3(13.459, 10, 1)

[node name="CSGBox3D16" type="CSGBox3D" parent="CGS/section1"]
transform = Transform3D(0.866025, 0, -0.5, 0, 1, 0, 0.5, 0, 0.866025, -27.5974, 5.5, 41.3094)
material_override = ExtResource("4_pmx52")
use_collision = true
collision_layer = 3
size = Vector3(13.459, 10, 1)

[node name="CSGBox3D17" type="CSGBox3D" parent="CGS/section1"]
transform = Transform3D(0.866025, 0, -0.5, 0, 1, 0, 0.5, 0, 0.866025, -62.8365, 7.46299, 10.1491)
material_override = ExtResource("4_pmx52")
use_collision = true
collision_layer = 3
size = Vector3(13.459, 14.5627, 1)

[node name="CSGBox3D6" type="CSGBox3D" parent="CGS/section1"]
transform = Transform3D(0.866025, 0, -0.5, 0, 1, 0, 0.5, 0, 0.866025, 39.315, 8, 84.125)
material_override = ExtResource("4_pmx52")
use_collision = true
collision_layer = 3
size = Vector3(18, 15, 1)

[node name="Sprite3D" type="Sprite3D" parent="CGS/section1"]
transform = Transform3D(-8.28191e-07, -29.0782, -1.99305e-07, 0, -1.27105e-06, 4.55956, -18.9468, 1.27105e-06, 8.71189e-15, 0, 0, 0)
visible = false
texture = ExtResource("3_vlcb0")
metadata/_edit_lock_ = true

[node name="GrappleSpot" parent="CGS/section1" instance=ExtResource("5_2aie7")]
transform = Transform3D(1, 0, 0, 0, 1, 0, 0, 0, 1, 53.3327, 9.60513, 81.198)
vertical_offset = -2.0
grapple_speed = 20.0

[node name="GrappleSpot3" parent="CGS/section1" instance=ExtResource("5_2aie7")]
transform = Transform3D(0.866025, 0, -0.5, 0, 1, 0, 0.5, 0, 0.866025, -44.4712, 11.6051, 25.3214)
vertical_offset = -2.0
grapple_speed = 20.0

[node name="section 2 (hard)" type="Node3D" parent="CGS"]

[node name="Enviroment" type="Node3D" parent="CGS"]

[node name="ResetStageArea" type="Area3D" parent="."]
transform = Transform3D(1, 0, 0, 0, 1, 0, 0, 0, 1, 0.659019, -12.1884, -131.632)
script = ExtResource("7_byyui")

[node name="CollisionShape3D" type="CollisionShape3D" parent="ResetStageArea"]
transform = Transform3D(1, 0, 0, 0, 1, 0, 0, 0, 1, -16.2682, 0, 68.6785)
shape = SubResource("BoxShape3D_5hiaw")

[node name="Lights" type="Node3D" parent="."]

[node name="OmniLight3D2" type="OmniLight3D" parent="Lights"]
transform = Transform3D(-0.683255, 0.206823, -0.700276, 9.87959e-09, 0.959046, 0.28325, 0.73018, 0.193532, -0.655273, -108.171, 7.54991, -12.1669)
light_energy = 15.626
omni_range = 10.0

[node name="OmniLight3D6" type="OmniLight3D" parent="Lights"]
transform = Transform3D(-0.683255, 0.206823, -0.700276, 9.87959e-09, 0.959046, 0.28325, 0.73018, 0.193532, -0.655273, -110.769, 7.54991, -13.6669)
light_energy = 15.626
omni_range = 10.0

[node name="OmniLight3D3" type="OmniLight3D" parent="Lights"]
transform = Transform3D(-0.683255, 0.206823, -0.700276, 9.87959e-09, 0.959046, 0.28325, 0.73018, 0.193532, -0.655273, -102.109, 7.54991, -8.66693)
light_energy = 15.626
omni_range = 10.0

[node name="OmniLight3D4" type="OmniLight3D" parent="Lights"]
transform = Transform3D(-0.683255, 0.206823, -0.700276, 9.87959e-09, 0.959046, 0.28325, 0.73018, 0.193532, -0.655273, -122.893, 7.54991, -20.6669)
light_energy = 15.626
omni_range = 10.0

[node name="OmniLight3D5" type="OmniLight3D" parent="Lights"]
transform = Transform3D(-0.683255, 0.206823, -0.700276, 9.87959e-09, 0.959046, 0.28325, 0.73018, 0.193532, -0.655273, -128.09, 7.54991, -23.6669)
light_energy = 15.626
omni_range = 10.0

[node name="ScoreAreas" type="Node3D" parent="."]

[node name="ScoreArea3D" type="Area3D" parent="ScoreAreas"]
transform = Transform3D(1, 0, 0, 0, 1, 0, 0, 0, 1, 16.0038, 0, -4.38245)
script = ExtResource("11_ykryr")
max_tricks = 35

[node name="CollisionShape3D" type="CollisionShape3D" parent="ScoreAreas/ScoreArea3D"]
transform = Transform3D(1, 0, 0, 0, 1, 0, 0, 0, 1, 0, 17.5, -9.36328)
shape = SubResource("BoxShape3D_rn3cs")

[node name="TestEnemy1" parent="." instance=ExtResource("9_wuf3k")]
transform = Transform3D(1, 0, 0, 0, 1, 0, 0, 0, 1, 16.0461, 0.413068, 56.8133)

[node name="TestEnemy2" parent="." instance=ExtResource("9_wuf3k")]
transform = Transform3D(1, 0, 0, 0, 1, 0, 0, 0, 1, -88.5603, 0.452831, -1.0114)

[node name="TestEnemy3" parent="." instance=ExtResource("9_wuf3k")]
transform = Transform3D(1, 0, 0, 0, 1, 0, 0, 0, 1, -95.1208, 0.452949, -5.00826)

[node name="TestEnemy4" parent="." instance=ExtResource("9_wuf3k")]
transform = Transform3D(1, 0, 0, 0, 1, 0, 0, 0, 1, -110.921, 0.452772, -13.8225)

[node name="TestEnemy5" parent="." instance=ExtResource("9_wuf3k")]
transform = Transform3D(1, 0, 0, 0, 1, 0, 0, 0, 1, -125.898, 0.453464, -23.6733)
